Observation Date,Temperature,Salinity,Dissolved Oxygen,Phosphate Phosphorus,Nitrous Acid Nitrogen,Nitric Acid Nitrogen,Silicic Acid Silicon,On/Off
2000,19.61,31.406999999999996,4.91,0.26,1.03,4.41,8.98,1
2000,20.04,31.82,5.22,0.02,0.73,1.25,4.53,1
2000,20.25,31.47300000000001,5.51,1.53,0.69,5.18,4.05,1
2000,20.86,31.616999999999997,5.16,0.19,0.89,0.76,3.54,1
2000,20.78,31.61,5.36,0.18,0.61,0.88,3.71,1
2000,20.61,31.825,5.29,0.28,0.84,0.76,4.36,1
2000,22.12,32.778,5.26,0.29,0.89,1.12,7.59,1
2000,21.14,32.395,5.34,0.31,2.0,1.24,8.89,1
2000,20.25,32.15,5.42,0.28,0.77,0.22,10.62,1
2000,20.03,32.32,5.33,0.27,0.52,0.04,9.67,1
2000,19.42,32.123000000000005,5.59,0.32,1.07,1.17,7.62,1
2000,20.56,32.33,5.32,0.28,0.54,0.16,11.23,1
2000,20.48,32.65,5.42,0.49,0.68,0.74,7.34,1
2000,19.71,32.22,5.47,0.48,0.65,0.77,7.76,1
2001,16.11,34.18,5.85,0.37,0.08,12.12,6.26,1
2001,17.73,34.24,5.74,0.33,0.08,11.05,4.68,1
2001,16.22,31.67,5.8,0.08,0.13,0.35,0.37,1
2001,18.95,32.16,5.55,0.09,0.01,0.2,0.82,1
2001,18.79,34.2,5.57,0.32,0.16,13.69,5.07,1
2001,20.43,32.38,5.39,0.08,0.42,1.48,0.57,1
2001,15.31,34.21,5.94,0.39,0.15,6.55,9.11,1
2001,20.44,32.42,5.34,0.05,0.23,0.54,0.68,1
2001,27.68,31.75,4.53,0.17,0.25,1.06,0.93,1
2001,27.42,31.639,4.61,0.28,0.11,0.69,1.39,1
2001,27.93,31.87,4.64,0.07,0.13,0.34,0.36,1
2001,26.4,31.226,5.09,0.17,0.14,0.36,1.43,1
2001,26.69,30.93,5.07,0.17,0.14,0.48,2.93,1
2001,26.34,30.63,5.3,0.31,0.06,0.4,1.49,1
2001,28.71,30.66,4.46,0.21,0.22,0.22,0.47,1
2001,23.76,33.32,4.75,0.32,0.18,10.45,0.02,1
2001,24.27,33.01,4.86,0.33,0.03,10.05,0.41,1
2001,25.72,33.94,4.49,0.11,0.08,12.25,0.22,1
2001,25.72,33.94,4.49,0.11,0.08,12.25,0.22,1
2001,25.53,33.68,4.68,0.05,0.16,9.38,0.14,1
2001,24.5,32.63,4.77,0.1,0.01,10.05,0.33,1
2001,25.97,33.93,4.43,0.44,0.11,10.7,1.21,1
2001,25.7,32.47,4.82,0.39,0.08,10.17,0.29,1
2001,24.96,32.05,5.16,0.05,0.08,0.15,4.14,1
2001,26.35,31.97,4.42,0.11,0.11,0.23,7.91,1
2001,26.33,32.03,4.49,0.04,0.1,8.2,0.16,1
2001,25.55,32.6,4.68,0.2,0.05,5.96,0.51,1
2001,28.31,32.88,4.27,0.46,0.12,5.99,0.05,1
2001,25.7,33.01,4.64,0.25,0.04,5.54,0.34,1
2001,26.02,33.48,4.36,0.19,0.1,7.54,0.24,1
2001,27.14,33.22,4.4,0.06,0.01,0.44,8.87,1
2001,27.72,32.84,4.43,0.05,0.03,0.46,1.86,1
2001,27.93,33.37,4.48,0.28,0.09,5.25,0.77,1
2001,27.87,33.09,4.41,0.32,0.04,5.4,0.11,1
2001,26.2,32.56,4.44,0.28,0.17,6.39,0.18,1
2001,25.67,32.39,4.58,0.36,0.04,4.32,0.22,1
2001,26.5,31.76,4.58,0.28,0.08,0.48,4.85,1
2001,26.82,31.54,4.58,0.31,0.09,0.31,5.11,1
2001,26.71,32.54,4.41,0.26,0.07,5.26,0.27,1
2001,27.15,32.62,4.2,0.23,0.05,4.38,0.17,1
2001,27.73,32.86,4.55,0.38,0.13,7.02,0.2,1
2001,28.01,33.13,4.3,0.32,0.05,7.5,0.35,1
2001,20.86,33.23,3.81,0.08,0.58,3.59,10.92,1
2001,22.0,33.68,4.17,0.06,0.55,11.63,3.24,1
2001,21.96,33.64,4.49,0.43,0.71,8.27,3.19,1
2002,24.96,33.671,4.9,0.06,0.07,3.48,4.47,1
2002,25.33,32.993,4.81,0.03,0.22,6.67,4.23,1
2002,24.42,32.114000000000004,5.3,0.12,0.24,7.95,9.69,1
2002,23.85,32.244,5.31,0.11,0.29,6.2,6.89,1
2002,24.44,31.675,5.26,0.01,0.07,3.22,8.54,1
2002,24.49,32.568000000000005,5.1,0.03,0.09,3.29,6.95,1
2002,26.28,33.361999999999995,4.78,0.1,0.26,3.66,4.03,1
2002,25.38,32.67,5.26,0.05,0.1,4.2,5.28,1
2002,28.18,34.376,4.72,0.2,0.13,3.16,4.67,1
2002,26.82,33.287,4.9,0.03,0.13,2.49,4.41,1
2002,27.5,32.268,5.21,0.12,0.1,4.41,5.64,1
2002,28.14,30.747,4.58,0.04,0.08,3.78,8.05,1
2002,24.78,30.500999999999998,4.94,0.07,0.35,2.12,6.73,1
2002,20.58,31.482,5.04,0.39,0.66,5.17,5.06,1
2002,21.36,31.488000000000003,4.6,0.14,0.2,6.22,7.19,1
2002,23.98,31.618000000000002,5.03,0.24,0.06,1.17,5.12,1
2002,25.37,31.625999999999998,4.72,0.28,0.1,0.2,3.64,1
2002,24.59,31.745,4.77,0.28,0.11,1.46,2.81,1
2002,25.1,31.523000000000003,4.77,0.39,0.16,0.12,5.23,1
2002,25.81,31.783,4.67,0.32,0.17,0.44,1.45,1
2002,25.7,31.799,4.84,0.39,0.05,0.25,3.0,1
2002,24.56,31.498,4.89,0.37,0.05,0.62,6.06,1
2002,24.35,31.31900000000001,4.55,0.57,0.56,1.83,9.04,1
2002,26.89,29.76,5.22,0.22,0.64,3.29,3.91,1
2002,26.99,26.92,5.9,0.7,0.81,2.24,3.6,1
2002,26.6,27.26,5.62,0.61,0.18,2.1,2.18,1
2002,26.87,28.33,5.86,0.53,0.81,0.13,19.65,1
2002,27.08,28.38,5.45,0.25,0.8,1.32,1.85,1
2002,27.56,29.11,5.02,0.24,0.11,2.96,2.2,1
2002,26.94,31.68,5.02,0.09,0.07,1.37,2.42,1
2002,27.57,32.27,5.55,0.08,0.18,1.24,2.84,1
2002,27.14,32.28,4.49,0.06,0.17,12.24,6.07,1
2002,27.13,32.22,4.87,0.07,0.11,0.34,6.78,1
2002,22.56,31.93,4.13,0.49,0.43,3.15,3.31,1
2002,22.76,32.19,4.12,0.26,0.1,3.48,5.91,1
2002,22.27,31.9,4.07,0.27,0.36,3.66,5.55,1
2003,27.05,26.116999999999997,5.04,0.21,0.14,8.07,8.07,1
2003,24.75,30.785,5.08,0.16,0.16,0.9,3.88,1
2003,26.89,26.491999999999997,4.93,0.11,0.18,4.91,7.95,1
2003,22.78,32.42,5.55,0.22,0.25,0.75,6.23,1
2003,25.91,30.189,4.88,0.13,0.22,2.66,7.83,1
2003,22.22,32.491,5.57,0.16,0.18,2.7,5.44,1
2003,25.49,30.865,5.06,0.18,0.12,2.49,10.16,1
2003,20.25,32.219,5.47,0.15,0.14,3.45,11.56,1
2003,20.94,32.217,5.53,0.26,5.49,5.24,10.33,1
2003,20.25,32.219,5.47,0.15,0.14,3.45,11.56,1
2003,23.92,33.141,4.02,0.29,0.14,3.22,3.59,1
2003,24.18,30.708000000000002,5.45,0.41,0.28,5.22,13.65,1
2003,24.25,31.009,5.53,0.3,0.31,5.04,17.13,1
2003,24.08,32.486999999999995,4.39,0.41,0.26,4.26,4.77,1
2003,25.46,30.994,4.37,0.4,0.24,2.57,4.43,1
2003,22.11,32.086,4.11,0.34,0.33,4.62,4.43,1
2003,23.54,32.766999999999996,4.0,0.31,0.11,2.54,4.34,1
2003,23.48,32.393,4.4,0.25,0.3,2.11,4.4,1
2003,24.3,31.713,3.81,0.18,0.32,2.8,4.67,1
2003,24.65,31.143,4.31,0.46,0.2,2.66,5.63,1
2003,24.56,32.839,3.83,0.41,0.21,2.66,5.22,1
2003,25.71,31.511,4.2,0.44,0.35,3.38,5.24,1
2003,24.44,31.006,3.89,0.5,0.23,,5.77,1
2004,28.32,31.51,4.67,0.1,0.1,1.31,2.45,1
2004,22.74,33.312,5.34,0.08,0.14,4.72,9.6,1
2004,19.94,30.511,5.7,0.18,0.77,6.49,7.32,1
2004,26.58,30.755,5.64,0.15,0.03,1.72,4.2,1
2004,27.83,32.981,6.42,0.09,0.24,2.64,5.4,1
2004,27.02,31.189,5.05,0.09,0.07,1.56,2.67,1
2004,28.01,32.132,5.01,0.02,0.23,4.27,6.44,1
2004,28.32,31.51,4.67,0.1,0.1,1.31,2.45,1
2004,27.22,33.905,5.42,0.07,0.21,2.38,7.41,1
2004,25.38,32.641,5.27,0.02,0.28,6.79,10.08,1
2004,28.2,33.989000000000004,4.63,0.04,0.19,4.93,6.8,1
2004,29.54,32.775999999999996,4.7,0.07,0.32,5.99,3.46,1
2004,28.19,31.699,4.75,0.15,0.15,2.35,3.26,1
2004,28.17,31.773000000000003,4.65,0.1,0.01,0.72,3.14,1
2004,29.21,33.038000000000004,4.68,0.05,0.15,3.01,2.85,1
2004,26.36,30.846,5.2,0.61,0.04,1.02,3.18,1
2004,28.68,32.865,4.89,0.06,0.1,6.09,6.77,1
2004,26.68,31.299,4.76,0.15,0.06,0.92,2.34,1
2004,23.68,30.648000000000003,5.55,0.17,0.02,1.18,6.75,1
2004,29.79,30.311999999999998,4.69,0.05,0.27,8.5,6.59,1
2004,29.95,26.086,5.02,0.03,0.52,9.65,2.78,1
2004,29.26,29.72300000000001,4.99,0.04,0.31,3.74,1.2,1
2004,28.96,29.462,4.85,0.07,0.34,4.92,3.43,1
2004,25.06,33.396,4.68,0.06,0.07,4.21,5.46,1
2004,24.03,33.251,4.72,0.18,0.14,3.43,4.64,1
2004,29.85,31.561,4.46,0.6,0.08,1.2,4.33,1
2004,25.95,33.986,4.68,0.09,0.36,4.64,7.39,1
2004,26.96,33.824,4.24,0.24,0.07,4.21,1.82,1
2004,25.7,33.369,4.13,0.09,0.07,4.21,1.46,1
2004,30.1,31.878,4.45,0.1,0.16,1.82,4.58,1
2004,29.55,31.72,4.42,0.22,0.13,1.58,5.11,1
2004,25.6,33.138000000000005,4.48,0.1,0.07,3.5,2.04,1
2004,21.6,33.325,4.01,0.23,0.07,3.5,2.43,1
2005,28.61,29.864,4.85,0.31,0.21,5.4,8.0,1
2005,27.36,30.698,5.62,0.45,0.21,8.83,10.1,1
2005,27.7,31.755,4.84,0.29,0.06,1.16,2.59,1
2005,28.03,32.346,4.93,0.4,0.06,1.58,3.99,1
2005,28.08,32.435,4.65,0.87,0.17,2.04,4.17,1
2005,27.09,32.539,5.43,0.36,0.09,1.1,4.23,1
2005,19.2,33.469,5.04,0.41,0.21,2.78,6.15,1
2006,28.76,29.388,5.26,0.08,0.09,4.96,8.31,1
2006,28.88,29.956999999999997,5.2,0.14,0.14,7.45,1.61,1
2006,28.83,28.281,5.34,0.11,0.25,6.18,2.18,1
2006,29.34,25.175,5.4,0.09,0.05,10.01,2.84,1
2006,28.35,31.999000000000002,5.88,0.13,0.13,0.35,1.09,1
2006,28.61,31.546999999999997,5.07,0.14,0.06,0.89,1.01,1
2006,28.29,31.82800000000001,5.14,0.11,,0.81,1.18,1
2006,25.45,30.294,7.23,0.18,0.02,7.43,3.25,1
2006,24.46,30.296999999999997,7.01,0.18,,0.22,6.02,1
2006,31.14,30.761999999999997,4.83,0.44,0.02,5.4,2.04,1
2006,28.76,28.807,5.44,0.14,0.09,3.71,2.17,1
2006,24.52,30.921,5.41,0.11,0.09,9.39,4.62,1
2006,28.66,29.791999999999998,5.51,0.18,0.16,6.74,2.64,1
2007,29.79,32.813,8.1523,0.133,0.0134,5.5099,3.5724,1
2007,29.18,31.996,4.8934,0.2498,0.0314,1.2465,6.4937,1
2007,28.55,30.954,5.6859,0.0319,0.0041,0.7231,9.54,1
2007,28.71,31.026999999999997,5.6006,0.0775,0.0122,0.1159,5.3891,1
2007,29.33,30.865,5.9683,0.0571,0.1036,3.2049,3.4389,1
2007,29.3,25.416999999999998,5.742000000000001,0.2181,0.2455,9.8885,4.2856,1
2007,29.68,25.864,5.7708,0.1402,,,4.3871,1
2007,29.62,27.213,5.6854,0.049,0.1604,8.7441,4.7359,1
2007,29.64,27.497,5.6022,0.1024,0.2376,7.8772,4.4295,1
2007,28.03,24.248,6.478,0.2497,,,5.6796,1
2007,28.06,28.93,6.1132,0.1115,0.1675,1.8282,4.0262,1
2007,28.99,27.19400000000001,6.0531,0.0484,0.3397,5.8911,1.8512,1
2007,28.93,28.54,5.7137,0.1484,0.1142,1.9342,1.7154,1
2007,28.34,31.015,5.1197,0.1172,0.0313,0.0527,3.8039,1
2007,28.72,30.951999999999998,5.4591,0.0652,0.0241,0.0024,3.4636,1
2007,28.81,31.021,5.0372,0.0578,0.0205,0.4104,5.8151,1
2007,28.66,31.50800000000001,4.8108,0.0378,0.006999999999999999,0.0527,8.6593,1
2007,28.71,31.706,5.8269,0.1103,0.0475,0.457,5.8729999999999976,1
2007,28.95,32.845,4.356,0.0554,0.0106,0.2789,3.8156,1
2007,29.5,32.965,3.6771,0.0947,0.0476,,1.2644,1
2007,24.19,32.18,6.71,0.07200000000000001,0.029,12.53,8.312000000000001,1
2007,29.18,33.567,5.1486,0.1033,0.0307,0.1421,2.4805,1
2007,25.14,31.88,5.19,0.054000000000000006,0.069,4.181,5.202000000000001,1
2007,29.18,33.567,5.0914,0.1016,0.0229,0.8349,3.6094,1
2007,28.82,31.635,5.0349,0.1302,0.0259,0.353,8.9253,1
2007,26.16,31.73,4.89,0.048,0.252,4.0969999999999995,6.881,1
2007,28.82,31.146,4.9783,0.2587,0.0224,1.111,9.6794,1
2007,28.82,30.994,5.632999999999999,0.1588,0.0164,1.0769,7.865,1
2007,24.55,32.58,5.54,0.131,0.008,14.315,6.428,1
2007,28.36,30.983,5.3177,0.1706,0.0288,1.3913,8.326,1
2007,28.7,31.136,5.4617,0.0569,0.0174,0.1835,2.5509,1
2007,23.29,32.46,5.94,1.4569999999999999,0.006999999999999999,3.1310000000000002,9.356,1
2007,25.9097,32.3977,4.8315,0.1502,0.1192,3.6088,7.3885,1
2007,27.88,31.04,4.78,0.264,0.006999999999999999,2.87,7.885,1
2007,27.28,31.4,4.86,0.14300000000000002,0.024,2.866,6.202000000000001,1
2007,25.7076,32.4258,5.5786,0.2678,0.0702,2.6867,5.9535,1
2007,23.4525,32.8517,6.056,0.2042,0.1185,2.6809,3.3238,1
2007,24.42,31.396,5.2838,0.1278,0.1478,1.9680000000000002,2.2523,1
2007,26.9078,33.29,4.5792,0.1668,0.0704,2.4805,4.3923,1
2007,23.58,31.576999999999998,5.6684,0.0173,0.1533,3.0833,3.4331,1
2007,23.8727,33.0112,5.2231,0.1029,0.0558,2.7964,4.6928,1
2007,26.93,31.51,4.68,0.091,0.033,3.784,4.051,1
2007,24.52,31.494,5.1557,0.0676,0.0814,0.4165,2.7008,1
2007,19.9601,33.3567,5.7489,0.1297,0.0391,2.1357,4.1399,1
2007,28.4,30.1,4.36,0.17800000000000002,0.048,3.091,6.278,1
2007,17.9156,33.8861,6.8006,0.0756,0.0343,2.3887,0.9018,1
2007,25.19,32.074,5.2838,0.08199999999999999,0.0739,1.5867,5.3603,1
2007,25.77,30.256999999999998,6.8077,0.0593,0.1901,2.378,8.7921,1
2007,29.46,30.75,4.38,0.65,0.01,4.603,4.6419999999999995,1
2007,29.14,29.25,4.46,0.098,0.03,7.122000000000001,4.798,1
2007,18.2135,34.0,5.9915,0.1722,0.2279,2.6961,6.4394,1
2007,28.65,28.92,4.36,1.8159999999999998,0.018000000000000002,5.978,4.686,1
2007,25.1049,33.4724,4.7309,0.1103,0.2661,2.5976,2.9142,1
2008,23.6782,33.7595,3.9742,0.0295,0.0213,0.3963,2.8479,1
2008,25.0781,33.7879,3.7801,0.1977,0.0334,0.8921,2.9302,1
2008,24.9594,33.5223,3.1510000000000002,0.092,0.0358,0.2845,2.56,1
2008,25.158,33.5493,3.7958,0.0343,0.048,0.4036,2.9795,1
2008,29.454,31.855999999999998,4.84,6.2158,0.023,3.037,11.0563,1
2008,24.1482,33.1053,3.7285,0.0775,0.031,0.3744,4.164,1
2008,27.368000000000002,31.465,5.06,5.5306,0.013,2.952,9.5175,1
2008,24.143,32.664,5.77,3.9699,0.014,3.645,9.1568,1
2008,23.908,32.193000000000005,5.42,3.7798,0.025,5.167000000000002,10.5822,1
2008,26.808000000000003,31.63300000000001,5.01,2.07,0.016,6.8839999999999995,9.638,1
2008,27.143,30.875999999999998,5.89,2.8818,0.023,2.432,8.9706,1
2008,26.1847,33.6054,3.7028,0.092,0.0431,0.1727,2.9631,1
2008,26.4879,33.9394,3.7804,0.0968,0.0136,0.2338,1.8855,1
2008,29.58,30.85,4.72,0.897,0.04,2.311,5.682,1
2008,27.8484,31.8604,3.7063,0.1064,0.0383,0.5178,5.0853,1
2008,30.930999999999997,29.465,5.32,0.5587,0.062,3.6439999999999997,7.3365,1
2008,27.6971,32.2896,3.6363,0.1352,0.0431,0.4036,6.8045,1
2008,29.97300000000001,28.476999999999997,4.78,0.8396,0.135,2.353,3.0005,1
2008,29.639,28.767,5.72,2.1923,0.118,8.235,12.460999999999999,1
2008,29.122,29.326999999999998,6.68,1.6959,0.12,2.215,14.5304,1
2008,26.3595,33.8077,3.6408,0.1112,0.0112,0.3286,2.05,1
2008,29.408,29.252,5.18,0.8869,0.145,2.76,8.3366,1
2008,29.623,29.051,5.46,0.5839,0.093,3.489,1.1192,1
2008,26.961,33.5597,3.5897,0.1737,0.0257,0.3652,7.2405,1
2008,28.933000000000003,29.401,5.61,0.5815,0.1,13.993,1.7844,1
2008,29.05,29.799,5.4,0.6675,0.096,7.48,1.6392,1
2008,25.8911,32.2016,4.625,0.116,0.0377,0.3604,2.5765,1
2008,29.215,29.489,5.51,0.4557,0.047,2.674,3.0977,1
2008,18.7501,33.2513,4.6006,0.0968,0.0184,0.2339,2.157,1
2008,28.851,28.993000000000002,5.14,1.3954,0.078,1.849,4.4122,1
2008,27.559,30.489,4.97,1.2102,0.0045,3.201,5.0168,1
2008,26.875999999999998,31.143,5.1996,0.4362,0.1086,4.4242,7.8815,1
2008,27.715,30.734,4.9108,0.5452,,,5.0008,1
2008,21.121,32.174,6.0094,0.4703,0.0924,0.9758,7.3383,1
2008,29.83,30.95,4.7622,0.1394,0.0027,1.0173,5.2253,1
2008,23.45,31.776999999999997,5.5832,0.2612,0.0616,1.0609,9.3192,1
2008,28.761999999999997,29.211,5.1144,0.4095,0.2568,2.2253,2.013,1
2008,29.32,32.81,4.7509,0.2062,0.1762,1.4937,3.9375,1
2008,29.6,32.77,4.6823,0.1728,0.2105,2.3835,5.0481,1
2008,29.38,30.57,4.7623,0.1632,0.2307,2.0836,5.7806,1
2008,29.51,29.89,4.8437,0.2014,0.3134,1.4383,7.9546,1
2008,29.48,30.67,4.525,0.2635,0.2569,1.9525,6.7258,1
2008,29.64,28.85,4.8764,0.2014,0.2408,4.9824,7.0329999999999995,1
2008,29.63,28.46,4.8437,0.1967,0.2307,3.0792,9.1715,1
2008,29.56,28.74,4.878,0.1776,0.0188,4.3824,10.2467,1
2008,21.738000000000003,32.149,5.6827,0.2021,0.0152,0.736,8.5244,1
2008,29.49,29.06,4.9107,0.2301,0.0188,1.8744,8.3445,1
2008,29.55,30.07,4.7244,0.168,0.0208,0.8686,7.7065,1
2008,29.34,31.16,4.82,0.0821,,2.4138,9.4196,1
2008,29.38,31.5,4.8651,0.0773,,1.5643,7.5765,1
2008,21.738000000000003,32.149,5.6827,0.2021,0.0152,0.736,8.5244,1
2008,29.05,29.19,5.0711,0.1919,,2.8045,10.0695,1
2008,27.046999999999997,31.549,4.9297,0.1299,0.0706,1.1036,6.1359,1
2008,28.73,29.09,5.0254,0.1585,,0.9745,5.4144,1
2008,27.331999999999997,31.026,4.8303,0.1212,0.0634,0.76,6.9632,1
2008,29.94,29.49,4.7701,0.1919,,1.1307,7.6474,1
2008,27.14,29.84,4.9112,0.1585,,1.3979,5.5916,1
2008,28.44,30.48,4.888,0.2396,,1.2467,7.0921,1
2008,28.16,30.23,4.9336,0.1967,,1.4080000000000001,7.9309,1
2008,28.18,30.36,5.5406,0.3017,,1.2769,5.6388,1
2008,27.15,30.42,5.2037,0.3972,0.0208,2.9356,8.7226,1
2008,22.699,32.138000000000005,5.1428,0.6602,0.481,4.5902,10.7795,1
2008,27.83,30.22,4.7815,0.0677,0.0168,2.0079,4.9299,1
2008,28.65,29.15,4.6938,0.1489,0.0249,1.9147,2.8978,1
2008,25.046,32.036,5.3417,0.1007,0.0681,0.6745,4.3772,1
2008,28.66,29.09,4.7181,0.2683,,3.4775,6.2296,1
2008,29.07,29.35,4.9571,0.1394,,2.5801,5.9697,1
2008,26.34800000000001,31.954,5.3559,0.1186,0.0814,0.3039,3.5627,1
2008,28.8,30.14,4.7737,0.1107,0.0047,1.9071,8.0373,1
2008,25.877,31.930999999999997,5.228,0.1147,0.0746,1.3929,1.889,1
2008,29.22,29.05,4.648,0.0582,0.037000000000000005,3.1473,6.0524,1
2008,25.866999999999997,31.955,5.157,0.151,0.0264,1.0289,2.1918,1
2008,29.08,31.63,4.7966,0.0868,0.0128,3.9564,5.5089,1
2008,29.25,30.43,4.1137,0.1346,,1.466,6.3714,1
2008,25.730999999999998,31.861,5.3275,0.2101,0.0499,2.2248,3.8187,1
2008,25.503,31.985,5.4696,0.0687,0.0861,0.8527,5.6243,1
2008,24.734,32.013000000000005,5.7253,0.1672,0.017,1.1283,3.3585,1
2008,24.581999999999997,31.121,6.2083,0.2221,0.0516,1.5547,3.6573,1
2008,24.462,31.362,5.4411,0.2915,0.0586,0.9225,4.4671,1
2008,23.205,31.936999999999998,5.8389,0.3627,0.0674,1.0406,4.2219,1
2008,24.06,32.071999999999996,5.2991,0.0637,0.1329,1.2576,4.1975,1
2008,24.054000000000002,31.844,5.2565,0.1227,0.0403,1.023,2.3817,1
2008,24.561,31.523000000000003,5.1996,0.16,0.098,1.1409,1.4832,1
2008,23.749000000000002,31.682,5.2138,0.3775,0.0978,2.6183,2.3193,1
2009,19.021,31.971999999999998,5.7117,0.1582,0.0183,0.8407,4.9808,1
2009,18.928,32.083,5.6404,0.1779,0.0393,0.4304,4.4857,1
2009,17.865,32.208,6.3954,0.294,0.0776,0.5916,7.7896,1
2009,18.602999999999998,32.33,5.5265,0.6053,1.8543,3.3703,12.7545,1
2009,19.08,31.980999999999998,5.4695,0.1181,0.0492,0.6467,2.6938,1
2009,19.012,32.027,5.3271,0.1218,0.0374,0.4174,3.7492,1
2009,18.53,32.205999999999996,5.6689,0.2852,0.2358,1.4133,6.9586,1
2009,19.037,31.899,5.3556,0.8334,0.1952,8.264,13.3707,1
2011,20.9446,32.946999999999996,5.1486,0.129,0.0714,2.0714,1.0714,1
2011,20.9471,32.9863,5.1471,0.129,0.0714,2.0714,1.3571,1
2011,20.8284,33.0507,5.1563,0.129,0.0714,2.4286,2.0714,1
2011,20.2973,33.0118,5.2077,0.129,0.0714,2.5714,2.0,1
2011,20.2567,32.9986,5.2115,0.129,0.0714,2.1429,2.8571,1
2011,21.4656,33.4287,5.086,0.129,0.0714,2.7857,1.0,1
2011,21.28,33.1142,5.1144,0.1613,0.1429,2.2857,2.5714,1
2011,21.4506,33.1087,5.0968,0.1613,0.1429,3.6429,3.0357,1
2011,17.5671,34.3012,5.3564,0.2839,0.7714,5.0571,7.3143,1
2011,16.9323,34.2991,3.4751,0.6806,0.3357,10.6286,14.6393,1
2011,20.2034,34.4298,4.8713,0.223,0.401,1.8430000000000002,3.59,1
2011,19.3768,34.3052,4.758,0.174,0.528,2.211,5.803999999999999,1
2011,18.6403,34.257,4.8713,0.204,0.629,2.356,7.438,1
2012,21.8698,31.5186,5.6814,0.2948,0.239,1.5409,1.4104,1
2012,27.3231,31.8229,5.1688,0.0915,0.1108,1.9027,2.2336,1
2012,27.4527,31.8489,5.2542,0.6521,0.0768,1.5257,3.1588,1
2012,27.1597,30.4797,4.7714,0.001,0.071,1.5430000000000001,4.923,1
2012,28.816,30.8184,4.8698,0.5135,0.0265,1.9577,1.536,1
2012,26.719,30.0329,4.9382,0.002,0.104,0.755,2.843,1
2012,27.4754,30.1089,4.5999,,0.098,1.36,2.0669999999999997,1
2012,26.8225,29.2986,4.6871,0.002,0.218,1.05,2.694,1
2012,28.6138,30.3102,4.5565,0.3751,0.0478,14.3912,1.2373,1
2012,27.7306,29.9981,4.9405,0.019,0.036000000000000004,0.878,3.4330000000000003,1
2012,27.8811,30.7336,4.6841,0.002,0.027000000000000003,0.008,4.187,1
2012,28.6661,30.6719,4.7701,0.1956,0.0684,1.7844,0.7869,1
2012,27.5643,31.6461,5.1918,0.009000000000000001,0.016,0.797,4.773,1
2012,28.8611,30.8626,4.8555,0.0659,0.0355,2.3847,1.6389,1
2012,28.2483,31.487,4.7138,0.002,0.101,0.052000000000000005,4.369,1
2012,26.6578,31.4076,5.4821,0.1336,0.1504,2.1015,1.1352,1
2012,28.458000000000002,31.709,4.8287,0.012,0.015,1.083,3.5839999999999996,1
2012,28.4317,31.6432,4.8539,0.024,0.025,1.111,3.3339999999999996,1
2012,25.3466,31.5596,5.5817,0.18899999999999997,0.0538,8.7346,2.3547,1
2012,29.2125,31.4438,5.622000000000001,0.031,0.034,3.987,2.1,1
2012,28.381999999999998,31.8211,4.8869,0.002,0.029,1.4569999999999999,2.793,1
2012,28.5396,32.0916,4.631,0.016,0.035,1.005,2.767,1
2012,28.4484,31.8905,4.942,0.013999999999999999,0.019,1.253,3.071,1
2012,28.3442,31.6315,4.8013,0.002,0.017,0.026000000000000002,4.261,1
2012,28.4239,31.3765,4.6883,0.002,0.022,0.927,4.11,1
2012,28.1441,30.4648,4.8862,0.002,0.033,0.055999999999999994,4.003,1
2012,27.7767,29.9937,5.1394,0.004,0.016,0.7020000000000001,1.6640000000000001,1
2012,27.639,30.3843,4.7982,0.002,0.016,0.040999999999999995,2.635,1
2012,27.8348,30.2708,5.2527,0.002,0.026,1.004,2.813,1
2012,27.9518,30.5683,4.6593,0.002,0.036000000000000004,0.008,2.94,1
2012,26.9861,30.6841,4.7164,0.002,0.024,0.632,2.252,1
2012,27.5181,32.0734,4.7725,0.002,0.047,0.643,0.349,1
2012,27.5563,31.1973,5.5635,0.002,0.047,0.064,1.348,1
2012,27.704,31.351999999999997,5.6769,0.002,0.039,0.9520000000000001,2.997,1
2012,28.0571,31.7984,4.6317,0.002,0.026,0.135,2.185,1
2012,28.27,30.7149,4.5751,0.002,0.025,0.578,4.703,1
2012,27.8471,30.4284,4.6883,0.002,0.029,0.055,2.316,1
2012,28.3786,31.0782,4.6315,0.002,0.029,0.848,3.9189999999999996,1
2012,28.0592,31.3078,4.9143,0.002,0.011,0.024,1.65,1
2012,28.2566,30.7981,5.1501,0.002,0.04,0.735,4.5310000000000015,1
2012,28.4815,31.3842,5.1759,0.002,0.023,0.484,3.9019999999999997,1
2012,26.4631,30.6344,5.9662,0.4693,0.4479,1.4240000000000002,10.0719,1
2012,27.0579,30.6456,5.3966,0.3689,0.1376,8.3656,5.4414,1
2012,28.5028,29.5526,4.6135,0.2708,0.04,5.1658,2.3321,1
2012,28.6564,29.7396,4.5138,0.1744,0.0249,1.1386,3.1161,1
2012,28.6404,29.2522,4.6419999999999995,0.1955,0.0339,1.5266,4.2914,1
2012,27.943,30.2185,4.7701,0.5208,0.0663,9.2282,4.4224,1
2012,28.2157,29.493000000000002,4.7986,0.1013,0.0627,4.925,2.6046,1
2012,28.0912,30.1231,4.8983,0.2368,0.1742,9.898,2.5446,1
2012,27.9136,30.2625,4.9267,0.2537,0.0704,7.4351,2.278,1
2012,23.9495,30.8798,5.3824,0.2985,0.2377,8.8393,3.7713,1
2012,27.0875,30.0365,4.9125,0.34299999999999997,0.1531,10.2051,3.1175,1
2012,28.1123,29.6748,5.0691,0.3541,0.1518,9.6491,6.9827,1
2012,27.6744,28.5947,5.1403,0.1753,0.2789,2.8491,2.2552,1
2012,28.0658,29.621,5.0122,0.2903,0.0639,2.09,2.6538,1
2012,28.7059,29.254,5.0976,0.2553,0.1756,1.8405,3.2834,1
2012,27.7526,29.8213,5.2115,0.1605,0.056,1.3553,2.4297,1
2012,27.7534,31.9616,6.8571,0.079,0.15,0.45799999999999996,4.083,1
2012,28.4797,31.8289,4.8571,0.054000000000000006,0.057,0.225,1.462,1
2012,25.0204,32.9963,4.8529,,,1.4286,2.0709999999999997,1
2012,28.3225,31.6321,5.0,0.04,0.105,0.24100000000000002,3.252,1
2012,25.5724,33.5517,4.6816,,,0.2857,3.068,1
2012,27.0947,32.0615,5.7143,0.084,0.152,0.14,2.128,1
2012,24.381999999999998,33.0059,5.0164,,,0.3571,2.78,1
2012,27.7814,31.941,4.8,0.054000000000000006,0.097,0.204,3.884,1
2012,25.3148,33.5961,4.6985,,,0.5,2.5,1
2012,27.4764,31.5529,4.8286,0.042,0.08900000000000001,0.43,5.077,1
2012,26.9086,32.7396,4.4637,,,0.2143,2.639,1
2012,27.2357,31.0619,5.4286,0.053,0.134,0.152,2.048,1
2012,24.9573,32.6878,4.9356,,,0.2143,1.64,1
2012,27.4107,32.1601,4.8286,0.14800000000000002,0.142,0.21,3.5069999999999997,1
2012,25.1382,31.9167,4.9714,0.158,0.106,0.106,2.041,1
2012,23.9089,33.3012,4.8488,,,0.2857,2.0669999999999997,1
2012,26.3229,31.044,5.2571,0.185,0.133,0.095,2.436,1
2012,23.6135,33.3966,4.8222,0.0323,,0.3571,2.278,1
2012,25.1789,33.3925,4.6923,,,0.4286,2.782,1
2012,24.0896,33.2133,4.7836,,0.0714,0.1429,2.912,1
2012,22.0593,33.4177,4.9733,,,0.2143,2.826,1
2012,23.9314,32.5383,4.84,,,0.5714,2.718,1
2012,24.4827,32.5416,4.6654,,,0.2857,1.68,1
2012,26.0067,32.6022,4.4643,,,0.3571,1.804,1
2012,26.0871,32.688,4.6447,,,0.2857,2.289,1
2012,26.4525,32.7087,4.5236,,,0.2143,1.61,1
2012,26.3137,32.8558,4.507,,,0.0714,2.017,1
2012,24.7787,32.2778,4.7177,,,0.1429,1.556,1
2012,25.6487,32.1287,4.4981,0.2258,0.0714,1.2857,9.281,1
2012,20.566999999999997,32.8419,5.3434,,,0.2857,1.805,1
2012,22.7286,31.9888,5.8,0.166,0.19,1.062,4.672,1
2012,20.4624,32.783,5.3743,0.0968,0.2143,0.5,6.808,1
2012,21.5822,32.1708,5.1143,0.061,0.15,2.83,8.212,1
2012,23.0136,32.7813,5.1585,0.2581,0.0714,1.0714,6.587999999999999,1
2012,24.0031,32.0604,5.3714,0.023,0.108,0.6940000000000001,6.558,1
2012,20.7381,31.9342,6.3143,0.035,0.058,0.235,5.912999999999999,1
2012,23.809,31.9315,5.8,0.087,0.08199999999999999,0.525,2.045,1
2012,21.6001,31.7608,4.8571,0.094,0.5429999999999999,1.123,3.627,1
2012,19.6588,32.7362,5.346,0.003,0.031,1.7751,1.768,1
2012,20.2981,32.9354,5.0568,,0.001,0.3643,2.658,1
2012,19.6698,33.1167,5.4951,0.062,0.003,1.5993,5.178,1
2012,19.9044,32.7748,5.1639,0.03,,0.7727,2.758,1
2012,21.1262,32.9285,5.0367,0.084,0.013,0.377,3.2689999999999997,1
2012,21.9029,32.8982,4.8386,0.128,0.128,0.6731,3.904,1
2012,21.203000000000007,32.3323,5.1458,0.057999999999999996,0.019,0.3604,2.677,1
2012,19.5655,33.2052,5.2071,0.032,0.019,0.8104,3.1439999999999997,1
2012,21.5773,30.7154,4.8331,1.0229,0.4972,5.3968,5.9311,1
2012,19.7054,33.0265,5.1431,0.046,0.01,0.6037,3.322,1
2012,20.9383,31.0548,5.5317,0.3391,0.0183,1.1557,2.2682,1
2012,20.9793,30.8877,5.9166,0.3175,0.0523,1.4037,2.7392,1
2012,21.041,31.2369,5.4889,0.6066,0.0374,1.8846,4.0861,1
2012,21.2752,31.0737,5.4462,0.6287,0.0297,2.1263,4.9955,1
2012,20.9234,31.2319,5.546,0.3889,0.0251,2.6139,5.8952,1
2012,20.8016,31.2915,5.5174,0.6013,0.0697,3.2923,5.6231,1
2012,19.5545,31.2676,5.1325,1.0868,0.415,9.854,12.4773,1
2012,20.671999999999997,31.1847,5.4319,0.9936,0.236,5.2620000000000005,8.463,1
2012,20.1209,30.7273,5.6458,0.6953,0.0818,6.0092,6.5503,1
2012,19.9894,30.8909,5.6743,1.0439,0.1801,5.3019,5.0495,1
2012,19.5135,32.7833,5.266,0.05,0.094,0.1822,2.505,1
2012,19.8245,33.0922,5.1799,0.023,0.012,0.2112,3.07,1
2012,20.7369,31.0966,5.7028,0.8781,0.0072,3.1278,5.5427,1
2012,21.495,31.3062,5.5887,0.667,0.0438,1.2402,3.5904,1
2012,21.2934,32.6975,5.1533,0.06,0.031,0.1428,1.149,1
2012,21.2078,31.2674,5.603,0.7346,0.0114,1.3566,5.4856,1
2012,22.6339,33.0001,4.7461,0.037000000000000005,0.028,0.129,2.024,1
2012,20.7052,31.4127,5.7170000000000005,0.7874,0.0465,3.1515,4.8453,1
2012,20.6597,32.8023,5.0134,0.063,,0.1218,2.62,1
2012,20.3289,31.3129,5.9024,0.7476,0.0433,1.8317,5.4572,1
2012,19.7501,31.2799,6.2731,0.8535,0.1267,6.1123,14.7385,1
2012,21.6271,32.868,4.9283,0.738,0.08,3.503,13.499,1
2012,20.1702,31.0316,5.7028,1.0198,0.2098,4.8472,8.177999999999999,1
2012,22.5684,33.11,4.6785,0.053,,0.51,0.997,1
2012,18.3891,31.7526,5.5317,0.9371,0.1224,9.0156,12.2332,1
2012,20.7129,32.0891,4.9922,0.157,0.267,0.4856,6.135,1
2012,20.8736,32.2558,5.1984,0.038,0.02,0.8932,1.473,1
2012,20.5581,31.324,6.0164,0.6103,0.0441,3.4639,6.9742,1
2012,20.7531,31.2568,5.6172,0.6324,0.0649,2.4261,7.379,1
2012,21.1281,30.9465,5.5174,0.9881,0.1405,2.9645,6.1497,1
2012,21.169,31.8421,5.7028,0.4987,0.0255,1.7695,6.1232,1
2012,20.788,31.8019,5.5317,0.6681,0.0277,2.0473,8.7872,1
2012,21.7064,31.795,5.2323,0.6161,0.08199999999999999,2.088,5.3286,1
2012,20.6044,32.2648,5.2595,0.02,0.124,0.3374,5.026,1
2012,20.825,32.451,5.1941,0.092,0.136,0.4684,5.0889999999999995,1
2012,21.7959,33.1909,4.8668,0.107,0.06,0.5444,1.5819999999999999,1
2012,21.4308,33.0295,4.8671,0.061,0.008,0.4287,1.67,1
2012,21.3144,32.9162,5.0267,0.07200000000000001,0.057,0.2068,1.3940000000000001,1
2012,20.7493,32.2137,5.2067,0.092,0.245,0.2773,8.126,1
2012,20.7639,32.2743,5.3903,0.087,0.18600000000000005,0.4757,7.257999999999999,1
2012,21.5422,32.9099,5.2661,0.46299999999999997,0.109,0.1672,4.927,1
2012,22.6053,33.4736,4.8898,,0.096,0.6451,2.528,1
2012,22.4557,33.4731,4.893,,0.113,1.1778,2.0469999999999997,1
2012,21.9283,33.181,4.8272,0.025,0.327,0.7997,5.9979999999999976,1
2012,20.796999999999997,32.7376,5.26,0.132,0.302,2.2119999999999997,6.801,1
2012,22.5059,33.3097,5.0571,0.084,0.129,0.718,4.7330000000000005,1
2012,21.435,32.4686,4.7143,0.079,0.233,1.456,5.881,1
2012,19.8895,32.1036,4.6286,0.245,0.485,3.437,11.499,1
2012,20.0701,32.4948,5.0,0.096,0.199,1.746,7.95,1
2012,22.1115,33.3597,3.8286,0.085,0.135,0.633,4.22,1
2012,23.3937,33.9578,4.8,0.063,0.07200000000000001,0.449,1.974,1
2012,20.5551,32.8897,4.8857,0.07400000000000001,0.134,1.435,5.671,1
2012,19.7087,32.3403,4.8571,0.16399999999999998,0.406,2.7230000000000003,6.48,1
2012,19.3773,31.8475,5.2,0.094,0.253,1.107,8.595,1
2012,20.0459,33.0224,5.0286,0.136,0.223,3.5580000000000003,7.5120000000000005,1
2012,22.298000000000002,33.6941,4.7429,0.059000000000000004,0.097,0.624,3.051,1
2012,22.721999999999998,33.8679,4.6857,0.064,0.119,0.932,3.657,1
2012,23.1244,33.903,4.6286,0.065,0.049,0.28,1.041,1
2012,23.9332,33.8989,4.7429,0.073,0.051,0.434,1.383,1
2012,23.2592,33.9321,4.8,0.08800000000000001,0.067,0.324,2.475,1
2012,23.2032,33.9135,4.6857,0.092,0.067,0.428,2.5810000000000004,1
2013,29.0263,30.6648,4.6846,,0.0878,0.4418,3.7352,1
2013,29.2897,30.184,4.7164,0.0078,0.0421,0.6085,2.9594,1
2013,28.8469,29.5748,4.5752,,0.1001,1.0711,1.8067,1
2013,28.6391,29.6416,4.7731,0.0071,0.0606,0.3006,2.5529,1
2013,28.8289,29.6622,4.8576,,0.10099999999999999,0.6798,1.4479,1
2013,28.3617,29.4724,4.5752,,0.1308,0.8104,2.0195,1
2013,28.631999999999998,31.3047,4.462,0.0312,0.0562,,0.634,1
2013,28.2741,32.4054,4.4623,,0.0597,0.2843,1.1907,1
2013,27.9377,31.7976,5.0828,,0.0395,0.0442,0.4138,1
2013,28.6075,28.1933,5.3988,0.0142,0.4399,0.614,0.8098,1
2013,28.0826,30.611,6.119,,0.0641,0.4615,0.5398,1
2013,28.5188,29.8926,4.8287,,0.1624,1.3255,0.7155,1
2013,28.3717,28.9684,4.8852,0.005,0.3775,2.2806,1.7866,1
2013,28.8711,28.4708,4.7984,0.0128,0.1168,0.3432,1.7326,1
2013,29.1586,29.0452,4.8015,,0.0817,0.6578,1.8268,1
2013,28.7687,28.9525,4.688,0.0159,0.1038,0.4369,2.2914,1
2013,28.5919,29.011999999999997,4.9699,0.008,0.0923,0.3001,1.8186,1
2013,28.7357,29.4304,4.5166,,0.0399,0.2486,1.0302,1
2013,29.3134,29.982,4.7445,,0.0577,0.6717,2.1534,1
2013,29.3307,30.0664,4.829,,0.087,1.2749,3.1279,1
2013,29.3897,29.9391,4.6599,,0.0559,0.7531,3.435,1
2013,28.3484,30.6064,5.0533,,0.0479,0.2433,0.8312,1
2013,29.2469,30.1153,4.7997,,0.0257,0.11900000000000001,2.2893,1
2013,28.8136,29.0018,4.5449,,0.2209,0.9844,2.4433,1
2013,29.0246,28.8344,4.5186,,0.0568,0.3939,1.3436,1
2013,29.575,29.3261,4.5733,,0.0204,0.1045,0.8547,1
2013,29.7697,29.8438,4.7143,0.0545,0.0248,,0.6761,1
2013,29.7216,30.2667,4.5727,,0.0266,0.1838,0.016,1
2013,29.5275,29.2515,4.9122,,0.0396,0.231,1.4234,1
2013,30.0378,30.0268,4.6586,,0.0387,0.1426,1.2286,1
2013,30.2414,30.0909,4.7126,,0.0504,0.7557,4.1160000000000005,1
2013,30.6636,30.0079,4.6903,0.0254,0.0108,0.4092,1.9563,1
2013,23.7395,30.761999999999997,5.7328,0.0489,0.4128,0.8069,2.8555,1
2013,28.2108,30.9633,5.6895,,0.0635,0.6897,2.204,1
2013,28.4469,30.9385,5.5018,0.1954,0.0571,0.6931,3.0088,1
2013,29.1174,30.908,5.3718,0.2222,0.0174,0.3842,1.9057,1
2013,28.7811,30.5622,6.0217,0.2106,0.0368,0.3842,8.8069,1
2013,29.0498,31.053,5.2274,0.1844,0.003,0.3523,3.0677,1
2013,28.9875,31.035,4.8231,0.1948,0.0041,0.6586,1.4075,1
2013,29.1811,30.8636,4.9675,0.0136,0.0348,0.5024,2.952,1
2013,27.4379,30.7759,5.7184,0.5858,0.0396,1.0801,3.9712,1
2013,25.79,31.563000000000002,5.0,,0.6415,0.6497,0.0419,1
2013,26.65,31.818,4.85,,1.62,0.8131,0.0061,1
2013,28.04,32.855,4.83,,0.8289,0.3988,0.0087,1
2013,28.68,33.571,4.68,,1.6006,0.3788,0.0138,1
2013,26.77,33.214,4.94,,4.2194,0.4505,0.0422,1
2013,25.9,32.969,4.9,0.0515,5.1972,0.7627,0.0258,1
2013,27.97,32.97,4.48,0.0126,1.3306,0.6273,0.0336,1
2013,27.76,32.441,4.59,,1.8312,0.5277,0.0086,1
2013,27.98,31.74,4.61,,0.7642,0.6487,0.0164,1
2013,25.71,31.839000000000002,5.04,0.0032,0.5952,0.7557,0.0095,1
2013,29.0792,31.2702,5.2274,0.259,0.033,0.4143,3.5566,1
2013,29.57800000000001,31.0495,4.8375,0.0549,0.0582,0.4936,3.5084,1
2013,29.7111,31.1071,5.1408,0.0552,0.0306,0.848,2.1346,1
2013,29.4053,30.9832,5.0541,0.1056,0.016,0.3394,2.1175,1
2013,29.0937,30.8461,4.9675,0.0272,0.0252,1.1313,2.0338,1
2013,29.5092,30.5041,4.9675,0.1004,0.0239,0.7191,3.6187,1
2013,29.429000000000002,30.5641,4.9242,0.3536,0.0041,0.6872,2.8186,1
2013,29.8554,30.69,4.7942,0.2227,0.0377,0.5539999999999999,2.4962,1
2013,29.8389,31.0496,4.7509,0.038,0.0387,0.33299999999999996,2.8098,1
2013,26.4535,31.3757,5.4152,0.1518,0.0591,0.6485,6.5345,1
2013,25.48,32.038000000000004,5.34,,0.322,0.6658,0.0345,1
2013,27.44,32.282,4.54,,1.4943,0.495,0.0233,1
2013,28.01,32.346,4.49,,0.9215,0.5529,0.0207,1
2013,25.38,32.86,10.76,0.0294,5.6308,0.7927,0.0267,1
2013,29.61,30.8332,4.8953,0.0982,0.0077,0.7465,4.1392,1
2013,29.8104,30.8447,5.0108,0.0707,0.0122,0.5038,3.555,1
2013,29.6312,31.1378,4.6931,0.1609,0.0663,0.5416,3.1178,1
2013,26.69,33.126,4.57,0.0095,3.892,0.8598,0.0224,1
2013,25.823,31.5407,5.704,0.2103,0.0443,0.6937,7.7285,1
2013,26.9831,31.375,5.5884,0.1837,0.0182,0.7518,7.0144,1
2013,18.0715,32.2233,5.4585,0.2758,0.0288,0.6292,6.7107,1
2013,27.63,33.544000000000004,4.45,,1.421,0.4175,0.0607,1
2013,26.79,33.25,4.73,,1.9404,0.381,0.044000000000000004,1
2013,25.25,32.834,5.31,,4.5695,0.3859,0.0185,1
2013,24.42,32.431,5.16,,4.2874,0.4778,0.0255,1
2013,25.34,33.376999999999995,6.44,,5.6935,0.6445,0.0345,1
2013,25.21,32.963,6.05,0.0063,2.8994,0.9084,0.0388,1
2013,23.49,33.393,6.53,,5.8712,0.8075,0.0413,1
2013,27.35,31.392,4.63,,3.7009,0.4370000000000001,0.0475,1
2013,25.07,33.289,4.78,,3.29,1.0077,0.0677,1
2013,26.97,33.181,4.68,,3.2155,0.7656,0.0405,1
2013,29.26,30.728,4.27,,4.0213,0.6992,0.0317,1
2013,25.32,31.614,4.87,,1.703,0.501,0.0493,1
2013,22.13,32.802,5.92,,1.2751,0.3718,0.0677,1
2013,22.5,32.856,6.21,,1.7233,0.6098,0.0449,1
2013,27.46,30.734,4.49,,1.7839,0.5147,0.0334,1
2013,28.45,30.50800000000001,4.4,,1.4433,0.5348,0.006999999999999999,1
2013,28.81,30.728,4.23,,1.1378,0.3185,0.0062,1
2013,21.12,32.446,4.97,0.0118,2.0213,1.0163,0.0413,1
2013,23.9947,31.9847,5.1714,0.041,0.124,1.5230000000000001,3.591,1
2013,29.0054,30.1327,4.5429,0.004,0.07,0.313,1.959,1
2013,28.3854,30.3912,4.5714,0.006999999999999999,0.064,0.38299999999999995,1.1440000000000001,1
2013,23.4254,32.3397,5.5143,0.026,0.126,0.888,4.351,1
2013,24.4364,31.9609,5.7429,0.014,0.09300000000000001,0.578,3.7089999999999996,1
2013,29.3212,29.7032,4.7143,0.008,0.18100000000000002,0.778,3.14,1
2013,29.8833,31.2857,4.6286,0.026,0.083,0.377,3.66,1
2013,27.8356,30.3193,4.8571,0.008,0.102,0.51,3.266,1
2013,23.875,32.44,5.5429,0.049,0.09300000000000001,0.35600000000000004,7.617000000000001,1
2013,21.6527,32.1992,4.8571,0.155,0.306,1.419,9.898,1
2013,27.877,30.3082,5.1714,0.025,0.10099999999999999,0.754,3.1439999999999997,1
2013,28.3455,30.4968,5.6,0.013,0.08900000000000001,0.336,2.301,1
2013,28.118000000000002,30.5557,5.0286,0.011,0.09699999999999999,0.6459999999999999,2.6,1
2013,29.688000000000002,30.0955,4.6571,0.004,0.10099999999999999,1.185,1.774,1
2013,29.8384,31.1879,4.6857,0.024,0.10800000000000001,0.4270000000000001,2.9619999999999997,1
2013,29.7213,31.4768,4.4286,0.002,0.077,0.45399999999999996,3.455,1
2013,29.9022,29.6308,4.5143,0.006,0.076,0.429,1.235,1
2014,20.1972,31.3979,5.562,0.309,0.5386,5.6433,4.6558,1
2014,23.1654,31.5992,5.8044,0.2291,0.1461,3.3097,3.3385,1
2014,24.7331,31.6309,5.4336,0.0718,0.1276,4.1114,3.3719,1
2014,24.1876,31.6473,5.89,0.3896,0.1043,1.9432,2.7886,1
2014,23.943,31.43,5.4193,0.1792,0.1625,4.3543,5.1864,1
2014,24.0798,31.5923,5.8187,0.10300000000000001,0.1043,9.3964,5.3701,1
2014,24.8236,31.9069,5.5905,0.1452,0.0444,6.7938,2.0992,1
2014,23.6124,32.0792,5.8614,0.1618,0.0174,2.3725,2.4702,1
2014,23.3372,31.5914,5.619,0.008,0.1403,4.721,6.0892,1
2014,23.9574,31.4263,5.947,0.4468,0.6606,7.3112,12.6511,1
2014,22.4249,32.4431,6.0754,0.3772,0.0794,4.4266,6.1719,1
2014,24.261999999999997,32.3947,5.619,0.5591,0.2218,9.9997,5.7465,1
2014,25.156999999999996,32.137,6.2322,0.3492,0.0373,4.834,7.1715,1
2014,25.2497,31.9223,5.6047,0.2785,0.081,4.4109,7.6453,1
2014,24.81900000000001,31.9259,5.4479,0.2372,0.1446,7.548999999999999,10.1384,1
2014,24.6788,32.0034,5.3623,0.0907,0.0103,4.9152,7.4689999999999985,1
2014,23.874000000000002,31.8116,5.4764,0.2878,0.0554,5.8248,7.2798,1
2014,22.0359,32.6677,5.1769,0.3931,0.19,9.6052,12.9855,1
2014,18.4348,32.7357,5.291,0.7638,0.2418,9.2359,12.465,1
2014,23.2832,33.2305,4.23,0.0341,0.0208,0.6229,0.7449,1
2014,23.8219,33.3761,4.23,0.0195,0.4,0.0905,0.9407,1
2014,23.0639,33.9405,,0.0185,0.3739,0.1402,1.7883,1
2014,24.1913,32.4796,,0.0204,0.0038,0.4981,4.9647,1
2014,24.326,34.0503,,0.0156,0.0076,0.483,2.3042,1
2014,23.8751,32.6448,,0.0341,0.0264,0.5841,3.5477,1
2014,23.866,32.5567,,0.0448,,0.6975,5.2964,1
2014,22.1929,33.7833,,0.0282,0.0142,0.5057,2.3106,1
2014,23.6693,33.0657,,0.0214,0.0142,0.4263,0.1787,1
2014,23.8445,33.0551,,0.0243,0.0057,0.4641,0.0696,1
2014,23.7915,33.0904,5.52,0.0185,0.0094,0.6994,0.0407,1
2014,22.3425,33.5443,5.25,0.0156,0.0038,0.4045,1.829,1
2014,24.2736,32.9077,5.09,,0.1437,0.7675,2.0403,1
2014,23.9553,32.9021,5.04,0.0312,0.0065,0.6603,3.4826,1
2014,23.9139,31.4299,5.4193,0.4345,0.3397,7.0113,10.625,1
2014,24.5183,31.7121,5.4906,0.425,0.2785,32.2704,9.3638,1
2014,23.639,33.72,5.13,0.0151,0.0028,0.5056,1.8742,1
2014,23.4814,33.6915,5.13,0.0231,0.0065,0.7140000000000001,2.0532,1
2014,25.0116,31.0707,5.6333,0.2686,0.2479,5.296,4.4899,1
2014,25.2552,30.9079,5.3908,2.4996,0.005,22.1927,3.7943,1
2014,23.9334,33.1149,5.04,,0.0177,0.4835,2.8472,1
2014,24.3395,31.2523,5.6475,0.2819,0.0567,4.6649,8.4408,1
2014,23.6552,33.3306,5.0,0.006,0.0168,0.3895,2.7475,1
2014,24.4514,30.939,5.7188,0.3168,0.2114,8.9747,6.2497,1
2014,23.447,33.3603,5.05,0.0151,0.0103,0.4659,3.1258,1
2014,24.4001,32.551,5.01,0.006999999999999999,0.0093,0.474,3.5041,1
2014,23.8175,33.4832,5.3,,0.0093,0.3773,0.3943,1
2014,23.6717,33.3484,5.58,0.0191,0.013999999999999999,0.7342,0.0375,1
2014,23.7201,32.3326,5.46,0.002,0.0261,0.4572,6.9921,1
2014,24.4096,32.6618,5.0,,0.0084,0.5411,3.3798,1
2014,23.2297,33.2845,5.12,,0.0056,0.4267,2.4464,1
2014,23.4538,32.8281,5.16,0.8632,0.0215,10.5943,13.6423,1
2014,23.4417,32.8383,5.05,,0.0047,0.4769,3.8984,1
2014,24.4146,32.9634,4.97,,0.0149,0.5736,3.1708,1
2014,23.1253,33.0536,5.02,0.008,0.0131,0.5596,2.4625,1
2014,23.3032,32.3072,5.05,,0.0103,0.3848,4.4696,1
2014,23.031999999999996,31.927,5.18,0.006999999999999999,0.0457,0.7125,7.4111,1
2014,23.729,31.9072,5.27,,0.0392,0.301,6.3898,1
2014,23.5923,31.8521,5.06,,0.0131,0.5428,6.4852,1
2014,23.6752,32.5896,5.1,,0.0243,0.8108,3.3616,1
2014,24.0694,32.4381,4.96,,0.0177,0.3923,5.779,1
2014,23.2025,30.5572,5.07,0.1207,0.1343,2.9525,11.827,1
2014,23.0326,30.4838,4.7714,0.12300000000000001,0.4920000000000001,3.6889999999999996,7.175,1
2014,23.7468,32.2062,4.9143,0.057,0.109,0.625,7.099,1
2014,24.1321,31.7354,4.9714,0.032,0.17300000000000001,0.608,8.603,1
2014,23.905,32.0824,5.4571,0.046,0.11199999999999999,0.674,5.07,1
2014,24.368000000000002,32.2057,5.0571,0.055,0.136,0.6609999999999999,6.135,1
2014,24.4172,31.9741,5.0571,0.027000000000000003,0.18100000000000002,0.52,8.527999999999999,1
2014,26.9943,33.8164,4.6,0.028999999999999998,0.079,0.517,2.8,1
2014,23.468000000000004,32.0356,5.0286,0.032,0.132,0.5479999999999999,4.002,1
2014,23.831,32.0008,5.0,0.028999999999999998,0.121,0.606,7.4579999999999975,1
2014,23.764,32.1047,4.8857,0.03,0.13,0.495,6.8729999999999976,1
2014,25.1363,31.903000000000002,4.7429,0.003,0.08900000000000001,0.639,8.065,1
2014,25.7915,33.463,4.7143,0.02,0.131,0.521,4.1339999999999995,1
2014,25.2743,33.1487,5.2286,0.026000000000000002,0.075,0.522,5.959,1
2014,27.1232,33.7359,3.7429,0.262,0.294,4.658,6.995,1
2014,27.6215,33.5402,4.8286,0.049,0.188,0.526,1.66,1
2014,26.9706,33.4386,4.6,0.021,0.19899999999999998,0.645,2.173,1
2014,26.6685,33.1048,4.6857,0.027000000000000003,0.07400000000000001,0.479,3.73,1
2014,25.9213,31.7152,4.7714,0.036000000000000004,0.14,0.6809999999999999,7.971,1
2014,25.6478,29.9193,4.9143,0.032,0.111,1.046,8.953,1
2014,26.8472,31.0322,,0.012,0.14400000000000002,6.952000000000001,5.347,1
2014,26.5126,30.4971,5.247999999999998,0.048,0.131,5.303,5.801,1
2014,26.5464,30.4431,5.226,0.040999999999999995,0.132,3.4419999999999997,5.002,1
2014,25.2294,30.6354,5.0857,0.031,0.105,1.124,6.3389999999999995,1
2014,26.4626,30.3689,5.205,0.011000000000000001,0.055,4.331,7.09,1
2014,26.2122,29.7429,5.435,0.02,0.039,1.354,6.813,1
2014,25.4655,30.0376,5.0286,0.032,0.085,0.743,6.56,1
2014,26.8187,30.3803,5.2570000000000014,0.049,0.18100000000000002,8.165,5.303,1
2014,25.8763,30.1475,,0.023,0.121,1.089,12.687000000000001,1
2014,26.0775,30.089000000000002,5.3770000000000024,0.044000000000000004,0.034,1.883,6.07,1
2014,25.5373,30.4391,3.9429,0.025,0.146,0.871,6.662999999999999,1
2014,26.0033,29.76,5.587999999999999,0.051,0.06,7.664,6.354,1
2014,26.3224,29.3369,5.45,0.04,0.28,7.0829999999999975,3.2,1
2014,25.8761,29.3645,5.523,0.012,0.287,4.921,3.517,1
2014,25.4888,29.7564,5.577000000000001,0.018000000000000002,0.086,1.956,2.496,1
2014,25.3208,29.8502,5.45,0.034,0.062,4.723,4.4110000000000005,1
2014,25.8876,28.897,5.35,0.266,0.1,5.431,2.331,1
2014,25.7756,29.2462,5.315,0.006999999999999999,0.092,5.252999999999999,1.9480000000000002,1
2014,25.8772,29.4676,5.346,0.036000000000000004,0.28300000000000003,8.166,4.649,1
2014,25.6079,30.7707,5.23,0.002,0.214,6.8229999999999995,5.9639999999999995,1
2014,25.2258,33.1645,5.0857,0.006,0.452,0.96,5.06,1
2014,22.4263,31.9392,4.6857,0.034,0.154,2.266,8.718,1
2014,24.8109,29.2298,5.7589999999999995,0.017,0.156,5.287000000000001,0.6890000000000001,1
2014,24.6937,29.2147,5.3389999999999995,0.021,0.21100000000000002,5.025,1.462,1
2014,24.7249,29.4617,5.074,0.028999999999999998,0.171,8.022,4.558,1
2014,25.3482,29.2617,5.315,0.015,0.095,2.7260000000000004,0.971,1
2014,25.4768,31.1755,5.3610000000000015,0.019,0.036000000000000004,0.736,6.095,1
2014,25.5344,30.20300000000001,5.3260000000000005,0.027999999999999997,0.039,1.483,5.987,1
2014,25.6893,30.2648,5.332999999999998,0.005,0.087,5.895,4.755,1
2014,26.9352,32.4886,5.36,,0.057,1.72,3.5469999999999997,1
2014,27.1798,32.429,4.838,0.019,0.08199999999999999,6.67,2.842,1
2014,27.5088,32.6137,4.805,0.025,0.049,0.852,2.545,1
2014,26.9408,32.7417,3.6069999999999998,0.013999999999999999,0.055,3.3680000000000003,1.911,1
2014,27.9179,32.2446,4.87,0.009000000000000001,0.062,1.9280000000000002,2.137,1
2014,26.9389,31.4906,4.881,,0.03,0.306,4.928,1
2014,26.435,31.56,4.538,0.040999999999999995,0.049,4.602,3.4130000000000003,1
2014,26.004,30.0498,5.228,0.022000000000000002,0.047,1.4669999999999999,4.1930000000000005,1
2014,20.3028,32.1829,5.4498,0.2758,0.9029,13.252,3.5747,1
2014,19.3287,32.5144,6.4239999999999995,0.1415,0.0527,20.3457,5.7365,1
2014,20.208,32.2891,5.5204,0.1285,0.0159,10.722999999999999,3.2679,1
2014,20.7464,32.0712,5.6475,0.008,0.0067,12.7744,1.8747,1
2014,21.0151,32.0739,5.6898,1.16,0.001,13.1868,2.7077,1
2015,20.4511,33.088,5.69,0.39,0.02,0.31,2.55,1
2015,25.674,32.3514,5.12,0.08,0.03,0.35,2.32,1
2015,25.5751,32.9731,5.07,0.03,0.03,0.42,2.03,1
2015,25.6481,33.3207,5.04,0.02,0.02,0.41,2.52,1
2015,25.2598,33.332,5.02,0.15,0.03,0.21,2.72,1
2015,22.737,32.7996,5.39,0.01,0.03,0.3,4.98,1
2015,21.7585,33.5662,5.65,0.01,0.03,0.63,1.74,1
2015,25.8123,32.6922,5.13,0.02,0.03,0.33,2.05,1
2015,21.3472,31.8545,5.55,0.84,0.96,4.77,5.31,1
2015,25.6128,32.9973,5.15,0.01,0.03,0.12,1.58,1
2015,25.6735,32.2371,5.52,0.19,0.15,0.53,2.54,1
2015,26.0922,32.1868,5.83,0.47,0.48,0.17,4.86,1
2015,26.6277,31.8949,5.7,0.05,0.84,0.61,2.4,1
2015,26.7847,32.1102,5.42,0.58,0.16,4.35,4.74,1
2015,27.0637,32.1255,5.7,0.16,0.29,1.1,1.78,1
2015,27.5685,31.4573,5.49,0.26,0.18,6.63,5.39,1
2015,27.19,31.3062,5.51,0.08,0.33,1.17,5.71,1
2015,25.9743,31.6836,5.71,0.48,0.17,1.09,5.76,1
2015,26.7474,31.4149,5.32,0.21,0.17,1.17,4.64,1
2015,22.9785,33.3587,5.62,0.02,0.05,0.23,2.1,1
2015,25.6882,33.2486,5.29,0.01,0.03,0.19,1.92,1
2015,22.8057,32.8199,5.61,0.01,0.03,0.41,4.89,1
2015,26.6834,32.7948,5.0,0.0001,0.02,0.54,4.06,1
2015,26.0865,32.5517,5.03,0.01,0.01,0.46,5.65,1
2015,25.9786,32.4759,5.0,0.01,0.02,0.62,6.1,1
2015,26.248,33.2429,5.01,0.02,0.01,0.2,4.27,1
2015,26.8749,33.3354,4.95,0.02,0.01,0.25,4.79,1
2015,26.2656,33.0801,5.0,0.01,0.01,0.2,4.21,1
2015,24.2069,32.4804,5.34,0.02,0.02,0.27,5.84,1
2015,23.6556,32.4497,6.1,0.1,0.02,0.17,1.27,1
2015,23.8252,33.3038,5.63,0.01,0.01,0.03,1.93,1
2015,26.8829,30.9308,5.89,0.14,0.27,8.85,8.85,1
2015,26.9225,30.9395,5.45,0.54,0.26,2.54,6.23,1
2015,26.6905,31.5072,5.71,0.07,0.09,0.76,5.81,1
2015,27.1188,32.0172,5.54,0.8,0.34,4.83,2.34,1
2015,26.8251,31.7294,5.46,0.58,0.28,3.2,4.72,1
2015,27.115,30.929000000000002,5.19,0.44,0.25,5.22,5.25,1
2015,26.9367,30.9202,5.55,0.24,0.37,2.98,8.75,1
2015,25.814,31.6282,6.09,0.44,0.18,2.17,8.46,1
2015,26.6523,31.6933,5.16,0.01,0.01,0.18,5.53,1
2015,27.5345,31.2809,4.93,0.01,0.01,0.47,7.96,1
2015,25.743000000000002,32.9636,5.13,0.02,0.01,0.37,3.58,1
2015,26.5738,33.6923,4.87,0.13,0.01,0.41,5.22,1
2015,25.7556,32.7595,5.19,0.01,0.02,0.45,4.07,1
2015,27.0024,31.4813,4.95,0.01,0.02,0.49,7.22,1
2015,26.2254,31.3624,5.1,0.01,0.02,0.19,7.65,1
2015,21.7437,32.8363,6.25,0.01,0.02,0.33,1.77,1
2015,22.1662,31.5362,6.04,0.3,0.15,12.67,7.08,1
2015,25.1437,30.8175,5.52,0.53,0.24,4.81,8.19,1
2015,26.4968,31.0896,5.42,0.9,0.27,6.34,8.0,1
2015,22.7049,31.068,6.32,1.92,0.57,0.21,5.93,1
2015,23.1873,30.8184,5.46,0.82,0.38,6.26,9.69,1
2015,26.266,30.0879,5.91,0.41,0.16,5.13,5.06,1
2015,27.0483,29.9194,5.16,1.07,0.11,4.95,7.58,1
2015,25.1218,31.7363,5.45,0.01,0.03,0.08,7.63,1
2015,27.105999999999998,31.9609,4.91,0.32,0.22,4.23,11.39,1
2015,26.7755,31.8899,4.93,0.01,0.02,0.15,5.66,1
2015,26.7084,31.6533,4.95,0.01,0.02,0.2,6.25,1
2015,24.8183,31.8901,5.44,0.01,0.03,0.38,6.41,1
2015,25.0852,31.5065,5.09,0.06,0.1,0.75,7.37,1
2015,26.3879,31.9452,4.83,0.06,0.04,0.43,5.53,1
2015,26.5123,31.1869,4.8,0.06,0.02,0.18,7.75,1
2015,25.6147,31.3062,5.4,0.06,0.03,0.16,5.53,1
2015,25.8158,31.5434,6.26,0.09,0.02,0.18,6.2,1
2015,24.0006,31.4404,7.46,0.08,0.04,0.16,4.03,1
2015,27.8189,32.5074,4.74,0.07,0.03,0.15,3.84,1
2015,26.7485,31.7402,4.83,0.36,0.25,0.38,17.26,1
2015,24.127,31.8977,6.63,0.07,0.03,0.2,4.9,1
2015,24.4172,31.8526,7.46,0.14,0.06,0.15,6.76,1
2015,28.372,33.6751,5.36,0.0001,0.02,0.85,1.69,1
2015,28.2408,33.3204,4.59,0.01,0.02,1.22,2.7,1
2015,28.1655,32.2871,4.2,0.0001,0.02,0.52,5.13,1
2015,29.0524,31.6341,4.41,0.03,0.02,1.19,7.55,1
2015,27.9775,31.0092,4.39,0.0001,0.02,0.41,8.09,1
2015,25.853,31.5881,5.11,0.05,0.02,0.15,5.79,1
2015,27.6919,29.8011,5.22,0.01,0.02,0.89,1.14,1
2015,27.4819,29.47,6.12,,0.02,0.53,0.14,1
2015,26.409000000000002,31.8026,4.97,0.06,0.04,0.25,6.49,1
2015,27.0366,32.0596,5.0,0.08,0.01,0.17,5.6,1
2015,27.3279,30.1217,4.89,0.01,0.02,1.25,0.5,1
2015,27.604,32.1853,4.71,0.14,0.02,0.16,4.71,1
2015,27.195999999999998,29.691,5.95,0.08,0.03,1.94,1.61,1
2015,27.0975,30.04300000000001,5.62,0.0001,0.04,1.5,4.84,1
2015,28.2089,33.6864,4.69,0.07,0.02,0.17,1.84,1
2015,28.0408,32.0962,4.8,0.08,0.08,0.13,5.33,1
2015,27.7657,31.7681,4.89,0.08,0.03,0.2,7.14,1
2015,27.8992,32.0436,4.17,0.0001,0.09,0.89,3.19,1
2015,27.5588,31.3308,4.41,0.0001,0.02,0.88,3.27,1
2015,25.9003,29.9998,4.79,0.0001,0.05,1.0,5.8,1
2015,25.8512,31.5433,4.91,0.08,0.1,0.54,7.53,1
2015,26.7207,29.0153,5.92,0.0001,0.04,1.39,2.84,1
2015,27.0816,28.8716,5.53,0.0001,0.05,0.68,3.03,1
2015,25.3365,30.8892,4.91,0.07,0.05,0.34,9.94,1
2015,27.2282,29.0726,4.68,0.0001,0.05,1.22,3.11,1
2015,27.4776,28.4254,4.87,0.0001,0.05,1.79,3.91,1
2015,27.4061,29.7946,4.41,0.0001,0.09,1.28,3.23,1
2015,26.609,30.0856,4.5,0.0001,0.09,1.06,1.75,1
2015,24.6868,30.1413,5.29,0.08,0.09,0.14,0.17,1
2015,26.2143,30.5953,4.34,0.0001,0.14,2.68,2.98,1
2015,25.3394,30.5013,4.94,0.07,0.07,0.29,9.24,1
2015,25.4713,30.8798,5.0,0.06,0.05,0.19,9.78,1
2015,26.2116,28.9866,5.06,0.0001,0.05,0.9,0.19,1
2015,26.0571,31.9949,4.8,0.06,0.07,0.34,6.27,1
2015,26.0947,28.7825,4.53,0.0001,0.02,0.66,1.76,1
2015,25.5566,31.5306,4.8,0.05,0.03,0.22,6.86,1
2015,26.199,29.2095,3.51,0.0001,0.06,1.44,0.43,1
2015,25.9131,29.2225,4.06,0.0001,0.08,1.57,0.56,1
2015,24.8498,31.0824,4.91,0.07,0.07,0.59,8.55,1
2015,26.2627,29.405,,0.01,0.07,1.38,2.06,1
2015,25.997,28.8321,5.48,0.0001,0.13,1.72,3.76,1
2015,26.1473,29.6865,6.02,0.01,0.09,1.75,4.03,1
2015,26.3157,29.9776,4.74,0.0001,0.09,1.61,3.52,1
2015,26.6471,31.2449,4.6,0.0001,0.02,1.2,4.55,1
2015,26.9482,32.846,,0.0001,0.01,0.79,2.66,1
2015,27.6164,32.9511,,0.0001,,1.16,2.2,1
2015,26.4195,31.9941,4.38,0.0001,0.03,0.92,2.49,1
2016,28.6292,32.6225,4.6981,0.0038,0.001,0.3312,5.6349,1
2016,28.750999999999998,30.3164,4.8325,0.0793,0.0106,0.4874,9.781,1
2016,29.6505,29.3289,4.6286,0.0443,0.0607,1.187,7.159,1
2016,28.9067,29.8393,5.0268,0.001,0.0009,0.1688,8.1756,1
2016,31.0565,28.924,4.7143,0.0538,0.0632,0.317,6.4670000000000005,1
2016,28.038,30.8646,5.5446,0.001,0.0071,0.4662,3.1819,1
2016,30.4591,28.5933,4.6,0.0422,0.068,0.226,5.867000000000001,1
2016,29.3784,30.1994,4.8571,0.0371,0.0737,0.13699999999999998,4.854,1
2016,29.0278,30.9124,5.3143,0.1553,0.0263,0.201,6.272,1
2016,29.5054,29.1245,4.7143,0.0842,0.0505,0.239,6.314,1
2016,31.3164,28.0361,4.6857,0.0523,0.0642,0.387,8.309,1
2016,26.9906,30.2839,5.1143,0.0378,0.0438,0.135,6.881,1
2016,27.2061,31.1805,5.0,0.0429,0.0142,0.0171,7.185,1
2016,27.6802,30.3669,5.2,0.0436,0.0228,0.1745,6.676,1
2016,29.5062,27.5295,5.4571,0.0501,0.0995,0.56,6.727,1
2016,30.3498,27.4276,5.0286,0.0422,0.0556,0.243,4.417,1
2016,29.6697,29.3764,4.7753,0.001,0.0165,0.4867,7.9868,1
2016,29.9287,30.7615,4.5876,0.0013,0.0161,0.425,9.1656,1
2016,30.1006,31.2129,4.5472,0.001,0.0188,0.52,8.9575,1
2016,30.7819,28.7968,4.5808,0.0004,0.0249,0.5851,9.8002,1
2016,23.368000000000002,32.1747,5.1169,0.042,0.0777,1.5822,5.266,1
2016,30.8136,23.8434,4.7143,0.0603,0.0909,0.46,5.315,1
2016,30.8705,23.5041,4.7429,0.0501,0.0712,0.457,9.758,1
2016,30.755,23.3834,4.4857,0.0567,0.0575,0.139,5.575,1
2016,30.7398,21.9692,5.5714,0.0465,0.0355,0.37,2.908,1
2016,30.8661,24.8949,4.9429,0.077,0.0756,0.447,7.37,1
2016,30.6356,25.6981,4.8,0.0944,0.0836,0.11,3.8760000000000003,1
2016,29.8988,27.426,4.6857,0.0821,0.0384,0.18899999999999997,6.6739999999999995,1
2016,30.3088,32.4051,4.3753,0.0256,0.0192,0.3392,2.022,1
2016,30.4816,30.6166,4.4598,0.0634,0.0048,0.3079,1.3088,1
2016,30.9315,28.8194,4.3469999999999995,0.0293,0.0081,0.4277,2.2444,1
2016,31.1118,28.6534,4.516,0.0622,0.0039,0.5486,3.6258,1
2016,30.6789,27.3681,4.7127,0.0503,0.0048,0.5255,4.1616,1
2016,31.3027,27.3984,4.7976,0.0512,0.0087,0.4954,3.4827,1
2016,31.2685,26.7419,4.8833,0.0021,0.0023,0.8711,8.5417,1
2016,30.7111,26.2494,4.7138,0.0597,0.0035,0.5453,11.4552,1
2016,30.2317,26.4261,4.9414,0.0443,0.0327,0.4265,12.2507,1
2016,30.6816,27.4515,4.7436,0.001,0.0387,0.6854,9.4802,1
2016,30.3614,28.7346,4.9392,0.0391,0.0161,0.5137,5.8623,1
2016,30.3202,30.076,4.3714,0.061,0.1071,0.294,2.271,1
2016,30.0856,32.5665,4.5714,0.0501,0.0766,0.004,1.7269999999999999,1
2016,30.5266,32.2671,4.5143,0.0668,0.1271,0.11699999999999999,2.76,1
2016,30.0708,32.3001,4.4571,0.0908,0.067,0.078,10.931,1
2016,29.7056,26.7398,4.8857,0.048,0.0429,0.184,3.611,1
2016,24.8807,29.1869,5.2286,0.0726,0.0845,0.305,6.331,1
2017,27.1516,31.5827,5.562,0.051,0.069,1.88,2.813,1
2017,29.2335,31.7045,6.871,0.22,0.063,1.1740000000000002,3.037,1
2017,29.4307,31.5068,5.03,0.364,0.027999999999999997,0.7829999999999999,1.625,1
2017,29.1966,31.5241,4.743,0.059000000000000004,0.051,1.199,1.8159999999999998,1
2017,29.5141,31.8099,4.7139999999999995,0.38,0.022000000000000002,0.8640000000000001,1.6030000000000002,1
2017,29.1581,31.8112,4.7,0.903,0.026000000000000002,0.731,1.2930000000000001,1
2017,27.269000000000002,32.145,5.187,0.017,0.023,0.905,3.5189999999999997,1
2017,24.4522,31.6793,5.16,0.251,0.163,1.59,7.971,1
2017,24.0569,32.7517,5.5020000000000024,0.08199999999999999,0.003,0.8490000000000001,3.405,1
2017,24.9045,33.2925,5.22,0.114,0.001,0.376,2.074,1
2017,24.7796,31.7865,5.246,0.115,0.006999999999999999,0.278,2.219,1
2017,24.4279,32.3158,5.4110000000000005,0.13699999999999998,0.002,0.354,1.085,1
2017,25.9604,33.7808,4.637,0.047,0.024,0.268,3.0589999999999997,1
2017,27.5758,31.7516,4.887,0.174,0.019,1.385,2.764,1
2017,26.4429,31.8363,5.074,0.17600000000000002,0.037000000000000005,0.748,3.2030000000000003,1
2017,26.6341,31.8338,4.93,0.275,0.019,0.728,2.582,1
2017,25.651999999999997,33.4297,4.74,0.040999999999999995,0.021,0.23800000000000002,2.778,1
2017,25.0571,31.8213,5.6339999999999995,0.312,0.057,1.273,7.636,1
2017,25.3871,32.9278,4.794,0.064,0.02,0.259,3.237,1
2017,24.4555,32.7141,5.227,0.073,0.002,0.34700000000000003,1.052,1
2017,23.8987,31.3062,5.392,0.03,0.034,1.4969999999999999,5.524,1
2017,27.6079,31.5597,4.681,0.059000000000000004,0.027000000000000003,0.278,3.069,1
2017,28.5267,31.0216,4.4860000000000015,0.022000000000000002,0.026000000000000002,0.27699999999999997,3.265,1
2017,26.1696,31.8671,4.4860000000000015,0.069,0.06,1.63,5.223,1
2017,27.8366,30.985,4.796,0.077,0.006,0.299,3.557,1
2017,23.3168,32.2496,5.01,0.09300000000000001,0.069,0.805,3.3569999999999998,1
2017,28.3397,31.0076,4.7139999999999995,0.255,0.043,0.8,3.9930000000000003,1
2017,29.8014,30.116,4.457,0.057,0.032,0.5489999999999999,2.707,1
2017,30.1079,30.8118,4.629,0.7829999999999999,0.026000000000000002,1.348,3.0239999999999996,1
